Blue Hills - Championship
72
4
4
4
3
4
4
3
5
5
4
4
4
5
3
4
3
4
5
6376
430
405
411
181
383
278
127
505
444
389
402
517
216
394
325
164
338
467
6026
417
364
398
171
377
258
122
492
400
351
387
487
182
376
317
149
332
446
5378
414
323
386
149
297
249
117
388
319
323
322
429
171
330
308
132
320
401
0
5
1
7
15
9
13
17
3
11
4
10
2
14
6
12
18
16
8
0
9
5
1
15
11
13
17
3
7
14
12
2
16
10
4
18
8
6
0
42.185607
42.188242
42.184947
42.183787
42.185730
42.183667
42.183884
42.181328
42.177476
42.179317
42.183429
42.180704
42.182827
42.185373
42.183936
42.183047
42.185557
42.188795
0
42.185496
42.188370
42.184816
42.183665
42.185844
42.183564
42.183932
42.181266
42.177373
42.179422
42.183530
42.180694
42.182920
42.185418
42.183832
42.183019
42.185673
42.188908
0
42.185400
42.188497
42.184689
42.183580
42.185967
42.183490
42.183983
42.181203
42.177275
42.179527
42.183639
42.180688
42.183017
42.185468
42.183731
42.182992
42.185786
42.189021
0
-71.136625
-71.135584
-71.133910
-71.132060
-71.135391
-71.134160
-71.135431
-71.140450
-71.141139
-71.142612
-71.140353
-71.143717
-71.143671
-71.141311
-71.139758
-71.138658
-71.137322
-71.137751
0
-71.136587
-71.135563
-71.133808
-71.131952
-71.135493
-71.133994
-71.135544
-71.140573
-71.141064
-71.142628
-71.140299
-71.143867
-71.143588
-71.141190
-71.139787
-71.138540
-71.137341
-71.137759
0
-71.136560
-71.135563
-71.133723
-71.131885
-71.135581
-71.133876
-71.135683
-71.140683
-71.141016
-71.142630
-71.140265
-71.144014
-71.143532
-71.141080
-71.139825
-71.138430
-71.137373
-71.137770
0
42.189065
42.184818
42.188161
42.184967
42.183455
42.185623
42.183298
42.183632
42.181072
42.176194
42.180284
42.184047
42.181060
42.183075
42.186426
42.183840
42.183033
42.184923
0
-71.136941
-71.136322
-71.135305
-71.133436
-71.132703
-71.135852
-71.134332
-71.135769
-71.140871
-71.141072
-71.141911
-71.140568
-71.144283
-71.144183
-71.141517
-71.140310
-71.137904
-71.137751