Blue Hills - Challenger
70
3
5
4
5
3
4
4
3
4
3
5
4
5
3
4
4
3
4
5908
175
506
302
452
159
453
333
203
371
175
506
302
452
159
453
333
203
371
5680
165
490
292
439
141
426
324
197
366
165
490
292
439
141
426
324
197
366
4800
117
340
281
407
96
399
316
183
261
117
340
281
407
96
399
316
183
261
0
9
1
5
3
8
2
6
7
4
9
1
5
3
8
2
6
7
4
0
8
2
5
1
9
3
4
7
6
8
2
5
1
9
3
4
7
6
0
42.186955
42.183149
42.184601
42.181380
42.182087
42.184749
42.186557
42.185607
42.188203
42.186955
42.183149
42.184601
42.181380
42.182087
42.184749
42.186557
42.185607
42.188203
0
42.186917
42.183067
42.184635
42.181312
42.182179
42.184838
42.186593
42.185540
42.188324
42.186917
42.183067
42.184635
42.181312
42.182179
42.184838
42.186593
42.185540
42.188324
0
42.186875
42.182978
42.184651
42.181237
42.182258
42.184945
42.186627
42.185480
42.188435
42.186875
42.182978
42.184651
42.181237
42.182258
42.184945
42.186627
42.185480
42.188435
0
-71.141421
-71.144607
-71.140997
-71.143553
-71.144545
-71.145095
-71.142437
-71.139744
-71.138502
-71.141421
-71.144607
-71.140997
-71.143553
-71.144545
-71.145095
-71.142437
-71.139744
-71.138502
0
-71.141557
-71.144607
-71.140852
-71.143596
-71.144559
-71.145036
-71.142343
-71.139656
-71.138484
-71.141557
-71.144607
-71.140852
-71.143596
-71.144559
-71.145036
-71.142343
-71.139656
-71.138484
0
-71.141697
-71.144612
-71.140707
-71.143633
-71.144580
-71.144972
-71.142252
-71.139578
-71.138473
-71.141697
-71.144612
-71.140707
-71.143633
-71.144580
-71.144972
-71.142252
-71.139578
-71.138473
0
42.187475
42.186350
42.183210
42.184182
42.180785
42.181632
42.185118
42.186650
42.185269
42.187475
42.186350
42.183210
42.184182
42.180785
42.181632
42.185118
42.186650
42.185269
0
-71.139970
-71.141622
-71.143660
-71.140503
-71.144591
-71.145093
-71.145245
-71.141335
-71.139109
-71.139970
-71.141622
-71.143660
-71.140503
-71.144591
-71.145093
-71.145245
-71.141335
-71.139109