Butternut Farm
70
4
3
4
3
4
4
5
4
5
5
3
4
3
4
4
3
4
4
6302
369
185
415
169
431
409
484
290
483
625
140
385
215
389
356
184
406
367
5755
314
155
375
150
403
383
434
268
452
600
128
351
190
364
325
173
340
350
4778
246
146
336
138
327
300
388
248
357
502
118
282
150
242
281
137
268
312
0
16
18
2
14
6
4
12
8
10
1
17
5
13
3
9
15
7
11
0
16
18
2
14
6
4
8
12
10
1
17
5
13
11
3
15
7
9
0
42.425605
42.424478
42.422472
42.421380
42.423503
42.425670
42.424862
42.425658
42.427959
42.424298
42.423684
42.420566
42.421874
42.423910
42.423180
42.423261
42.425203
42.426869
0
42.425423
42.424349
42.422334
42.421290
42.423688
42.425741
42.424784
42.425784
42.428131
42.424339
42.423656
42.420482
42.422030
42.423980
42.423063
42.423436
42.425315
42.427019
0
42.425240
42.424223
42.422253
42.421182
42.423865
42.425821
42.424689
42.425889
42.428260
42.424371
42.423635
42.420402
42.422198
42.424060
42.422897
42.423600
42.425452
42.427155
0
-71.514918
-71.515807
-71.518728
-71.520278
-71.520767
-71.516715
-71.520312
-71.520126
-71.515660
-71.522309
-71.521459
-71.521060
-71.519153
-71.516507
-71.519621
-71.520300
-71.516662
-71.515685
0
-71.514917
-71.515885
-71.518819
-71.520351
-71.520716
-71.516514
-71.520497
-71.519974
-71.515569
-71.522408
-71.521274
-71.520906
-71.519113
-71.516294
-71.519735
-71.520246
-71.516485
-71.515664
0
-71.515002
-71.516022
-71.518994
-71.520426
-71.520672
-71.516356
-71.520751
-71.519890
-71.515480
-71.522553
-71.521137
-71.520780
-71.519045
-71.516143
-71.519879
-71.520185
-71.516318
-71.515642
0
42.428339
42.425737
42.423987
42.422495
42.420420
42.423895
42.426765
42.424757
42.425942
42.426234
42.423976
42.423354
42.420530
42.422426
42.424575
42.421965
42.423912
42.424215
0
-71.515009
-71.515239
-71.515174
-71.519459
-71.520360
-71.520000
-71.516133
-71.522553
-71.519214
-71.516352
-71.522770
-71.521368
-71.520272
-71.519821
-71.516593
-71.520300
-71.519208
-71.516620