Sandy Burr
72
5
5
3
4
3
4
4
4
4
3
5
4
3
4
4
4
5
4
6603
480
559
152
435
225
415
338
386
280
198
465
405
195
376
351
416
522
405
6279
471
496
142
423
215
400
323
360
271
175
439
387
157
351
346
407
518
398
4602
316
368
92
320
155
205
160
307
219
160
335
300
130
220
300
320
385
310
0
15
5
17
3
13
1
7
9
11
10
18
8
14
16
12
2
6
4
0
9
3
17
1
15
7
13
5
11
4
10
12
18
16
14
8
6
2
0
42.355741
42.359789
42.359999
42.356600
42.355358
42.358221
42.355879
42.357377
42.355374
42.353153
42.354105
42.355079 
42.356251
42.354772
42.356846
42.359678
42.356106
42.353679
0
42.355809
42.359871
42.360007
42.356493
42.355322
42.358327
42.355803
42.357457
42.355269
42.353038
42.354145
42.355169
42.356352
42.354723
42.356916
42.359841
42.356042
42.353647
0
42.355892
42.359951
42.360007
42.356403
42.355278
42.358434
42.355723
42.357510
42.355173
42.352922
42.354205
42.355246
42.356442
42.354668
42.356993
42.360002
42.355983
42.353621
0
-71.362861
-71.365529
-71.365001
-71.362950
-71.360871
-71.362949
-71.360403
-71.358225
-71.358314
-71.358229
-71.362682
-71.366539
-71.366500
-71.363197
-71.365492
-71.366280
-71.363684
-71.359320
0
-71.362984
-71.365585
-71.364763
-71.362891
-71.360740
-71.362972
-71.360318
-71.358098
-71.358307
-71.358256
-71.362827
-71.366686
-71.366436
-71.363017
-71.365593
-71.366283
-71.363578
-71.359184
0
-71.363081
-71.365632
-71.364568
-71.362805
-71.360619
-71.362997
-71.360212
-71.357991
-71.358305
-71.358275
-71.362974
-71.366822
-71.366387
-71.362872
-71.365691
-71.366279
-71.363468
-71.359069
0
42.354062
42.356003
42.360161
42.359848
42.356223
42.355565
42.358128
42.355157
42.357454
42.354627
42.352677
42.353835
42.354899
42.356544
42.354929
42.356544
42.359898
42.355365
0
-71.358344
-71.362939
-71.366324
-71.364312
-71.362885
-71.360549
-71.362381
-71.360007
-71.357668
-71.357955
-71.358275
-71.362864
-71.367206
-71.366219
-71.362727
-71.366219
-71.365981
-71.363062