Stow Acres - South
72
4
4
3
4
5
5
3
4
4
5
3
4
4
5
3
4
3
5
6520
385
440
159
327
494
520
228
369
391
565
166
382
312
456
179
438
186
523
6132
375
416
135
301
476
487
212
346
368
543
142
366
292
441
151
407
167
507
5572
342
313
101
277
446
473
198
305
344
503
119
350
272
425
123
375
133
473
0
13
1
17
9
5
7
3
15
11
4
18
10
14
16
12
2
8
6
0
13
1
17
9
5
7
3
15
11
4
18
10
14
16
12
2
8
6
0
42.416530
42.415572
42.414788
42.415936
42.412910
42.414566
42.414990
42.415097
42.416059
42.412574
42.412265
42.409484
42.409647
42.412530
42.413223
42.410791
42.411825
42.415295
0
42.416503
42.415532
42.414716
42.415996
42.412784
42.414606
42.415089
42.415053
42.416047
42.412487
42.412154
42.409385
42.409583
42.412637
42.413358
42.410685
42.411920
42.415358
0
42.416447
42.415489
42.414637
42.416047
42.412665
42.414677
42.415215
42.415025
42.416063
42.412380
42.412051
42.409290
42.409544
42.412776
42.413497
42.410617
42.411996
42.415417
0
-71.531612
-71.536736
-71.536001
-71.532707
-71.536355
-71.532546
-71.530181
-71.532316
-71.528695
-71.532514
-71.533888
-71.531157
-71.527450
-71.528191
-71.527284
-71.530497
-71.531425
-71.527949
0
-71.531785
-71.536865
-71.535830
-71.532546
-71.536436
-71.532348
-71.529998
-71.532498
-71.528539
-71.532611
-71.533914
-71.531061
-71.527300
-71.528126
-71.527300
-71.530723
-71.531377
-71.527890
0
-71.531946
-71.537026
-71.535679
-71.532343
-71.536527
-71.532187
-71.529848
-71.532686
-71.528384
-71.532697
-71.533952
-71.530943
-71.527145
-71.528083
-71.527322
-71.530943
-71.531372
-71.527847
0
42.416473
42.416594
42.415318
42.415112
42.415473
42.411534
42.414338
42.415659
42.415586
42.415550
42.413184
42.411976
42.409785
42.410045
42.411778
42.413481
42.410453
42.411934
0
-71.527804
-71.532621
-71.537355
-71.536044
-71.532629
-71.536186
-71.532281
-71.528491
-71.532678
-71.528534
-71.532715
-71.533455
-71.530835
-71.526900
-71.527388
-71.527847
-71.531079
-71.530776