Stow Acres - North
72
5
4
4
4
5
3
4
3
4
4
4
5
3
4
4
3
4
5
6797
540
418
372
408
501
201
362
184
439
389
420
468
179
368
407
187
403
551
6310
503
374
354
387
472
180
318
165
426
359
392
424
169
340
369
166
376
536
5936
474
357
271
368
455
169
303
148
402
335
376
406
159
323
355
154
361
520
0
5
11
13
3
7
9
15
17
1
4
6
18
16
14
8
12
10
2
0
5
11
13
3
7
9
15
17
1
4
6
18
16
14
8
12
10
2
0
42.420776
42.422855
42.424351
42.422269
42.423559
42.422253
42.420811
42.421318
42.417710
42.420150
42.419964
42.423053
42.424011
42.424815
42.424775
42.423124
42.420479
42.416736
0
42.420879
42.422977
42.424478
42.422213
42.423678
42.422110
42.420748
42.421302
42.417588
42.420213
42.419861
42.423163
42.424062
42.424831
42.424842
42.423057
42.420380
42.416590
0
42.420982
42.423088
42.424601
42.422154
42.423777
42.422019
42.420696
42.421314
42.417461
42.420304
42.419762
42.423282
42.424126
42.424874
42.424938
42.422985
42.420292
42.416491
0
-71.524735
-71.523615
-71.527279
-71.524779
-71.528620
-71.528571
-71.527381
-71.525991
-71.527182
-71.528330
-71.532042
-71.530717
-71.531382
-71.528164
-71.523894
-71.522585
-71.522032
-71.526297
0
-71.524661
-71.523577
-71.527429
-71.524613
-71.528689
-71.528443
-71.527204
-71.525852
-71.527209
-71.528212
-71.532074
-71.530696
-71.531490
-71.527971
-71.523760
-71.522526
-71.521898
-71.526388
0
-71.524591
-71.523529
-71.527574
-71.524435
-71.528754
-71.528314
-71.527059
-71.525691
-71.527204
-71.528094
-71.532144
-71.530685
-71.531618
-71.527783
-71.523663
-71.522472
-71.521785
-71.526522
0
42.416734
42.419679
42.422756
42.424070
42.421560
42.423805
42.422617
42.421583
42.421067
42.417441
42.420554
42.419855
42.423421
42.424652
42.425298
42.424264
42.423272
42.420079
0
-71.527282
-71.524146
-71.523974
-71.528164
-71.524291
-71.529575
-71.529870
-71.527944
-71.525449
-71.527810
-71.528266
-71.533088
-71.529639
-71.531828
-71.527488
-71.523864
-71.521774
-71.522214